`.Random.seed` <-
c(403L, 1L, 1484331056L, -372260274L, -822188359L, 147186379L, 
-104295558L, 1737998972L, 707032767L, -829751403L, 202160044L, 
-1462581886L, 1515514717L, -1405196713L, 1127134526L, 1823253880L, 
1662735963L, 84550073L, -1278123000L, 1368432310L, -856044047L, 
-1277819869L, -1801708430L, -111526204L, -1584179065L, 736541789L, 
823665236L, -1357907846L, -2087167035L, -38441697L, -540033882L, 
-464785872L, 1208358099L, 107748081L, 1408092704L, 1725344958L, 
54081737L, 369060475L, -1934008246L, -2015891284L, -1750669393L, 
-429665435L, -1491613412L, 1925525874L, 2037551597L, 1377072679L, 
1359836750L, -1380967768L, 1631680683L, 1918403017L, 25087448L, 
-634921850L, -950042271L, 110871795L, -1712977054L, 1147815380L, 
1165775063L, 1091879629L, -1778851228L, 296597578L, -1142370891L, 
-909373169L, -866816490L, 581658816L, 1903320707L, 1189583521L, 
710691984L, 1001621358L, 1076560153L, -626114133L, -692551782L, 
1790660444L, -165937569L, 1726967349L, -241676852L, -1194242782L, 
-576784515L, -1143567241L, 1298338206L, 52406360L, 95212987L, 
1071405913L, 536561896L, -1124546282L, -1492444527L, -1480632509L, 
-1084956078L, -251910940L, -790589657L, -2083361923L, 475156084L, 
-844476326L, 38111397L, 1390500543L, -1237180090L, -119580720L, 
421429747L, -299455215L, 442779968L, -2012407522L, 131980777L, 
859524891L, 723720490L, -843025844L, -821981681L, -116678331L, 
108530428L, 1736991058L, 582305485L, 920059527L, -1649292946L, 
-2110209208L, 1817868107L, -1616527703L, 1465246712L, -294061274L, 
-1820595135L, -1457005101L, 1508380546L, -1806597196L, -662652105L, 
1434868269L, -74704060L, -1157730198L, 280677077L, -192605073L, 
342986102L, 996415136L, 233935715L, 1375795201L, -1119681680L, 
1677519630L, -144308871L, -744464117L, -543415750L, 215578940L, 
-1993320833L, -1341489707L, -1863109652L, -160193214L, 554039965L, 
820254487L, -250268034L, -908806600L, 556683547L, 68810361L, 
-693898552L, -1485339914L, -87389391L, -1623803037L, 2142245170L, 
-250072444L, 773742279L, 1583424925L, -215273196L, 1354325946L, 
-1212311035L, -251728929L, -1143422362L, -1269121552L, -1867937005L, 
1320293553L, -1759352992L, -1620728578L, -1346837367L, -1224817733L, 
-437916278L, -824212L, -1572387345L, -431710683L, -2036761892L, 
-199774030L, -790723667L, 942208871L, 1726366862L, 279658856L, 
1655521643L, 1276769033L, 1653892504L, 127358150L, 933932577L, 
-316535117L, 1203827746L, 1873374740L, 1699685015L, -653755251L, 
135082404L, -361292918L, -687835147L, -1781811633L, -1458482858L, 
1770044416L, 890172739L, -1321797407L, 949949008L, 1566142126L, 
749386329L, -1268694421L, -96622630L, -508737380L, -443069793L, 
478177525L, 700854668L, 820296802L, -757347267L, 1226505911L, 
-1696064162L, -450788200L, 1878716411L, 1064318361L, 1911178792L, 
-164364586L, 1486265169L, -676413949L, 200679826L, 2061598500L, 
166162919L, -1742709187L, 555976884L, 2036129562L, 82318437L, 
508517631L, -76886650L, -101645552L, 762697651L, 166378577L, 
372269056L, -1396829986L, 724347689L, -695178392L, -1276037300L, 
2083232508L, 561074930L, 1646076160L, 559203444L, -458294776L, 
-498150982L, -1465624112L, -200322068L, -136357996L, -325438254L, 
-194129824L, 1858054476L, -1761571040L, 2072466050L, 327389672L, 
1503507436L, 516267580L, -1205714318L, 233555824L, -1287970524L, 
652152376L, 1222204826L, -227183152L, -1732603460L, 653929108L, 
-211102078L, 1200241088L, -938729668L, -588577136L, 716026658L, 
-1671246328L, 1157977868L, -1442111588L, 1708689426L, 1835627392L, 
-1357914348L, 300734760L, -1849874374L, 900556752L, 1979294316L, 
-765299660L, 1019714706L, -1521031840L, -974614196L, -1582345760L, 
2136115106L, -1582043224L, -2072036212L, 1858263996L, 678084722L, 
1481806832L, 1097855044L, -651275176L, 1477326906L, 950063216L, 
1816472124L, 398670612L, -1751232830L, 66911968L, 259601532L, 
-1801510704L, 955749282L, -14966232L, 2054348044L, -890377284L, 
-335581902L, 1181594816L, 194805300L, 341808840L, 488771258L, 
427583632L, -346051860L, 395661908L, -1940253038L, -1372517600L, 
2092780492L, -2110348064L, 251751106L, -2001510360L, -1251335252L, 
1967702716L, -283734542L, 210521648L, -2044328028L, 1783645624L, 
-1325545638L, -800380784L, -1865464964L, -465405164L, 469057858L, 
1237963520L, -53938244L, -630537392L, -1359106782L, -839367096L, 
-1296168948L, -192808868L, 1971831250L, -1255398912L, -1025738412L, 
1192502504L, -237961990L, -967082288L, 25752876L, -238896908L, 
1527553426L, 1967591776L, -555298804L, -851368224L, -730379678L, 
-310770008L, -719342004L, 1415709564L, -57862862L, -835193232L, 
-837031100L, 1012020184L, 21999482L, 2114013744L, -5727300L, 
-707214764L, -1850350526L, -1175019360L, 73902780L, -161600048L, 
1542354786L, 1157130984L, 145355980L, 199753212L, -1672058382L, 
1239828096L, 1157350900L, 1410839176L, -446787782L, 1370500944L, 
-825344916L, -775572076L, 1512920146L, 382196192L, -2094879540L, 
-1723656032L, 1638840706L, 1568573672L, -587887892L, 711062844L, 
-2025229198L, -1940583312L, -287656924L, -1590886344L, 424997658L, 
1923818704L, 710099772L, 1136955284L, -1102432382L, 816995776L, 
-791145924L, 113318288L, 1520738850L, 2049080584L, -1724505460L, 
1670915868L, -2072553326L, 752224640L, -1470879212L, 246444840L, 
-607994310L, 733577680L, -270121620L, 1774853044L, 894290962L, 
-1503364640L, 1518189516L, -1474234144L, 542093346L, -566547160L, 
538463756L, -1575179460L, -191437838L, -303624464L, 1107759684L, 
-786559400L, -1598606534L, -1779195408L, -1287799108L, 1047055636L, 
-228567358L, 1871648864L, 1493223292L, -190682160L, -1322676958L, 
-965175640L, 151202700L, -1823728452L, -1369307342L, 659036736L, 
-558309196L, 982927944L, 523931066L, -1353506288L, 1160582892L, 
1902622036L, 866170130L, 189421984L, -1236453684L, -1281405344L, 
202111938L, -1189401816L, -989234260L, -2055192772L, -1334272654L, 
-1153003728L, 446379300L, -1858043080L, -1718468902L, -1283363952L, 
687364860L, -1668201580L, 107913282L, 732659968L, -1390928836L, 
-1072540336L, 1564373154L, -2030328504L, -659862772L, -726521124L, 
-1585484575L, 1605007910L, 1240628004L, -374328363L, 841114495L, 
-2082748904L, -1495380682L, 1602782147L, -177198587L, 1305506210L, 
-428075632L, 428381497L, -2137120277L, -1953471780L, -13580534L, 
-1997403649L, 82632777L, -1640945186L, 341078412L, 781331805L, 
1471204711L, 783462032L, 1308405934L, -885862053L, -61455043L, 
1294276522L, 525512776L, 1021266033L, 2022213091L, 98943204L, 
-958673902L, -1904621593L, -1615188047L, -439238154L, -1017844716L, 
-2006199515L, 1547060271L, 549787112L, 100647622L, 789834611L, 
303223765L, -396526670L, -1174086272L, -1622727319L, -1243854373L, 
711782700L, -2018299078L, -20967953L, -490784647L, 762897166L, 
446936796L, -527432371L, 2102909111L, -315514304L, -606463202L, 
-705265173L, 85699949L, -2066271270L, 728356248L, 1058855937L, 
311016883L, -455826220L, -976768542L, -712840073L, -1000902207L, 
-733222074L, -134334844L, 2058100789L, 487288863L, -1128450184L, 
1183010390L, -295845149L, 1458857125L, 378694978L, 657963824L, 
1960861529L, -499452725L, -1540348612L, -1600360086L, -752428129L, 
-2088159703L, 645363902L, 689701292L, 918961917L, 611412551L, 
220825904L, 638743118L, 1277246075L, -255997475L, 1505206282L, 
-711040728L, -1238368367L, 1295102339L, 1605029508L, -1605210958L, 
1203784711L, -1406232495L, 1271310294L, -18848076L, -2002159931L, 
-1651652593L, 927922312L, 1005439398L, 447066451L, -731774283L, 
-415303662L, -930694688L, -1835873207L, 1711602299L, 209765196L, 
-456751398L, 159890127L, -67507559L, 717530798L, 582349756L, 
2002791469L, -1648794665L, 1803356704L, 1818971006L, -1182067381L, 
165680973L, 1746148730L, -151986248L, 103654753L, -1045513965L, 
-1394429644L, -48035006L, -161903785L, 1174104737L, -418206874L, 
726844772L, 1489555605L, 280682943L, -149138088L, 1921117046L, 
1587792259L, 592456645L, 1978839266L, -688896688L, -1224072071L, 
557430699L, 1787378972L, -987899318L, -233308609L, 202052233L, 
194623134L, 1144456012L, 1658241821L, -1269787993L, 1941576144L, 
